-105.6667
-58.6667
-16.8333
-94.3333
-41.6667
-113.1667
-100.8333
-48.
-66.1667
-63.3333
-2.6667
-99.6667
-83.6667
-55.6667
-31.5000
-38.3333
-73.8333
-9.
-118.1667
-64.3333
-34.6667
1.6667
-84.1667
-52.3333
-113.6667
-69.5000
-129.8333
5.3333
-146.1667
-22.
-125.6667
3.1667
-84.5000
-15.
-109.8333
-108.5000
-71.6667
-101.5000
-66.6667
-20.1667
-11.8333
-62.
-123.5000
-44.3333
-53.5000
-86.3333
-144.8333
-70.
-19.8333
-212.8333
-37.3333
-14.6667
8.5000
-50.
-43.8333
-29.3333
-44.5000
33.6667
-48.5000
-99.3333
-96.5000
-59.8333
-31.8333
-68.1667
-83.
-23.8333
-54.
-77.1667
-202.6667
-35.6667
-3.
9.
-8.8333
-25.1667
-96.8333
-57.8333
-2.6667
41.6667
-69.8333
-178.
23.
-34.6667
39.
-192.6667
-14.3333
-39.3333
-37.
-84.
-100.3333
44.
-160.6667
-129.6667
-26.3333
-128.3333
-40.6667
-115.6667
-53.6667
-149.6667
-251.3333
-169.
-69.6667
-92.6667
-87.
-111.6667
-117.
-90.3333
-103.6667
-124.6667
-130.3333
-56.
-106.
10.3333
-100.6667
-333.3333
-402.3333
-75.6667
-60.
-69.3333
-14.6667
-35.
-3.
-87.
-301.6667
-341.
-89.3333
-20.6667
-33.3333
37.6667
-5.6667
-10.6667
39.3333
27.
30.
-104.
-49.3333
-15.
-71.
-45.3333
-44.6667
-49.6667
-6.6667
-73.
-11.6667
108.6667
-161.3333
-101.
40.
-11.
26.3333
58.3333
-142.3333
44.3333
-44.
-59.3333
-52.6667
-45.3333
18.6667
-99.6667
-79.3333
-39.3333
-68.
-8.3333
-92.8333
-57.1667
-63.6667
-65.6667
-33.6667
-116.8333
-98.6667
11.8333
-5.8333
12.6667
-14.6667
-64.3333
20.3333
-28.1667
-78.6667
-22.5000
-95.6667
-100.3333
-111.1667
-51.6667
-50.8333
-14.
-114.
-83.
-47.5000
-75.1667
-80.6667
-79.8333
-38.8333
-78.5000
-65.3333
6.3333
-51.8333
-84.
-77.6667
-90.5000
-59.6667
-110.
-153.3333
-103.1667
-53.8333
-89.3333
-31.6667
-68.5000
-69.3333
-73.1667
-46.3333
-49.
6.1667
-10.5000
-14.8333
-21.5000
28.
-64.8333
-11.8333
-50.3333
-105.6667
-24.
-28.3333
-57.
-77.8333
-16.3333
-27.6667
-7.3333
-73.5000
-50.
-95.8333
-102.
23.
-66.1667
-41.6667
-61.8333
-59.
-89.1667
-104.1667
-43.3333
-44.6667
-8.
-87.
-106.1667
-166.1667
-128.8333
-81.1667
-10.
-81.6667
-64.3333
-162.6667
-101.6667
-77.
-93.
-15.8333
-11.5000
-84.1667
-102.6667
24.1667
-8.6667
2.8333
-55.6667
-60.6667
-1.8333
-81.8333
18.1667
16.1667
-98.1667
-3.8333
1.3333
-45.1667
-26.8333
14.1667
-64.6667
-67.6667
-16.8333
-36.8333
4.6667
-52.1667
-46.
-73.6667
12.3333
-30.6667
-46.1667
-102.
9.8333
-59.5000
-128.6667
-37.6667
-67.3333
-4.3333
-59.
-66.6667
-95.5000
-22.8333
1.5000
-53.1667
-51.8333
-63.8333
-114.8333
-11.
-13.
-94.3333
-139.
-56.8333
-49.5000
-30.8333
-69.6667
-73.5000
24.5000
-0.8333
-40.
-17.5000
-26.1667
-63.5000
20.3333
54.5000
-16.6667
-104.3333
-39.1667
-0.5000
-46.1667
-99.
-62.1667
17.1667
-63.1667
-2.6667
-31.3333
-2.6667
8.6667
-84.
-70.1667
-103.3333
24.8333
-8.1667
-109.5000
-40.1667
-60.3333
-33.8333
-35.3333
-43.5000
-105.6667
-30.
-112.3333
-159.8333
72.3333
-2.6667
82.
-94.
50.
-169.3333
-25.6667
-94.
-21.6667
-0.3333
-152.6667
-51.
-145.3333
-74.3333
-70.
-98.6667
-48.6667
35.3333
-77.
-113.
-53.6667
-100.3333
13.6667
-65.
-12.3333
-37.3333
-24.
-47.
8.3333
-53.
-154.
21.6667
-51.
58.6667
1.3333
-16.
-62.3333
18.3333
-65.3333
-108.3333
-124.3333
23.
-55.6667
-28.3333
-98.3333
-19.6667
-48.6667
-65.6667
-119.
-26.3333
-28.6667
-13.
-41.3333
-56.6667
-53.
37.6667
-50.
-59.6667
-83.3333
-45.6667
3.3333
-116.6667
-77.6667
-85.6667
-91.3333
-60.6667
-93.3333
-39.6667
-92.
-32.3333
-82.3333
-18.6667
-12.3333
-24.6667
-34.6667
-52.6667
-59.6667
-40.
-149.
-123.
127.6667
-114.
34.6667
45.6667
-105.6667
69.3333
-7.6667
-6.3333
-1.3333
-104.
113.6667
-111.6667
-105.6667
-88.6667
-30.
-94.
-90.
-88.6667
-6.6667
-60.3333
-29.3333
-19.3333
-63.3333
-11.
22.6667
-115.
-24.6667
-18.6667
-116.
-53.
45.6667
50.3333
-18.
-6.3333
-56.6667
-191.
-148.
-102.6667
-31.3333
44.3333
7.
-83.6667
-80.3333
-98.
-129.6667
-36.3333
-11.
-32.
-5.6667
-19.
-36.6667
-5.
-86.6667
-53.5556
-51.1111
-46.5000
-77.3333
7.
-61.3333
-20.3333
-65.
-53.6667
-35.6667
-122.6667
-70.6667
-104.6667
49.6667
-55.3333
-223.6667
-148.6667
-12.3333
-164.3333
54.6667
23.3333
-47.6667
-17.
-35.
-126.3333
-94.
-44.3333
-68.
43.
-70.6667
-37.3333
-112.3333
-109.3333
-108.3333
11.6667
-6.
-54.3333
-24.
-3.
-10.
-74.3333
-82.
-54.6667
-106.3333
-77.6667
-139.
-163.
11.
-93.
-10.3333
70.
-27.6667
-52.6667
26.3333
-9.6667
-61.
26.
-47.
62.3333
18.3333
-97.6667
0.6667
-35.
-86.
-50.
-57.3333
-82.
-70.3333
-19.6667
-223.6667
-3.3333
-85.6667
-64.
50.
71.3333
-16.6667
5.3333
47.
41.
-26.6667
-48.3333
-97.
-60.6667
-117.
-45.6667
-65.3333
-176.
6.
-111.6667
-12.3333
-12.3333
-33.6667
-100.6667
75.3333
-71.3333
-1.3333
-33.6667
-66.3333
-55.6667
-34.6667
-121.3333
-34.6667
-26.6667
-69.3333
-111.3333
1.6667
-89.3333
2.
-34.3333
-191.3333
-36.6667
-129.6667
-44.3333
13.
138.
1.3333
-82.
88.6667
-4.
-148.
45.3333
-14.3333
-171.3333
-94.6667
-126.
31.
-7.6667
-86.
-158.3333
-70.3333
-226.3333
-79.3333
-34.6667
-55.3333
-195.
-155.3333
-171.
-75.
-54.
-152.6667
-88.
-125.
-122.
-79.6667
-126.3333
-11.3333
-95.6667
-62.
-13.
-42.6667
-129.6667
6.6667
-14.
-165.
21.3333
-163.3333
-48.
-85.3333
-126.6667
-62.6667
-10.3333
-111.
-92.
-66.
-111.6667
33.6667
-116.
-110.6667
-93.6667
-41.6667
-50.3333
-21.3333
-20.6667
-87.3333
-93.6667
-144.
10.
-69.3333
-128.6667
-86.6667
-89.
-1.3333
-112.3333
-11.
24.6667
-42.
-34.6667
-40.
-123.3333
-41.
-60.3333
-165.6667
-232.3333
35.6667
-162.3333
-19.3333
-52.3333
-160.3333
-71.3333
-116.
-160.
-94.3333
37.
-79.3333
-44.
-62.6667
-129.6667
-69.
-144.3333
-42.6667
63.
-85.6667
-105.6667
8.3333
-142.6667
-163.3333
-32.3333
-55.3333
-113.
-41.3333
-89.3333
-90.
-70.
54.3333
-40.3333
-60.
62.
86.
-60.
28.
-53.3333
25.
-37.6667
-74.3333
-20.3333
-16.3333
15.6667
11.6667
-145.
-22.
55.
-37.3333
-72.6667
94.6667
83.6667
-59.6667
77.6667
19.
-59.6667
-24.
25.3333
-4.
-58.
-118.
-30.6667
10.3333
-10.3333
-24.6667
-37.6667
-39.6667
-109.
35.3333
-65.6667
39.3333
27.6667
-76.
-65.
-108.6667
54.
33.3333
-115.
-67.
-85.3333
-136.6667
9.6667
-64.6667
-97.3333
13.3333
-49.6667
-84.3333
-59.6667
20.3333
22.
-158.6667
-40.3333
0.6667
-163.3333
-48.
-108.
-84.3333
-109.6667
-60.6667
-115.6667
-59.6667
-43.6667
-46.3333
-147.
-20.
34.
44.3333
-132.
-58.
-39.3333
-171.
-154.
-132.6667
-27.6667
-120.6667
-52.6667
-35.6667
-136.6667
-49.6667
-99.3333
-5.6667
-136.6667
37.
-157.
-90.3333
-60.
-109.
60.3333
54.6667
16.
-93.
-52.
34.6667
-85.6667
-56.6667
-19.
-46.
-73.6667
35.3333
35.
-73.6667
-63.6667
-23.3333
-43.6667
-25.
46.6667
-15.
-14.6667
-56.6667
-81.3333
-216.3333
-91.6667
24.6667
-175.
63.6667
-58.6667
-75.3333
5.
-38.6667
31.3333
56.
-19.3333
-136.3333
-69.
-40.3333
-20.6667
-95.3333
-54.
-64.3333
19.3333
23.6667
-24.3333
-80.
-62.
-37.6667
-117.3333
-219.
-33.3333
84.3333
-11.3333
-130.3333
-100.
-27.6667
-39.
-167.6667
27.3333
-57.
2.3333
-133.3333
-174.
-100.
-37.
-36.3333
-107.3333
-97.6667
-231.
-97.3333
-99.
-60.3333
-99.6667
-60.6667
-109.6667
127.6667
22.3333
-101.6667
-61.
-16.6667
17.6667
-79.3333
-24.3333
-36.6667
-80.
-11.
-100.6667
-43.
21.6667
-34.6667
-3.3333
48.6667
2.3333
-127.3333
-67.3333
-9.
-9.
-112.
39.
-68.3333
-82.6667
-21.6667
-68.
-62.6667
-71.6667
105.
-55.
-35.6667
-78.
-39.6667
-2.6667
-14.3333
-17.6667
-106.3333
-175.3333
-122.6667
-110.
-96.3333
-69.6667
-169.
-55.6667
-21.3333
-65.
-108.6667
-159.6667
-48.6667
-3.6667
-8.
-130.3333
-107.
-6.6667
-128.6667
-10.
95.3333
-118.
-77.6667
-96.3333
-55.6667
-45.3333
-75.3333
59.
-43.6667
-34.6667
-37.6667
-116.3333
-49.3333
-29.
-87.
36.3333
-59.
-107.3333
-112.6667
-0.3333
-11.3333
2.6667
-49.6667
-53.6667
28.6667
-66.3333
-136.3333
-144.6667
-79.
21.3333
-141.3333
-9.
-25.3333
-116.6667
-154.
-98.6667
-153.6667
-24.3333
-44.3333
-23.6667
-105.3333
-171.6667
-39.3333
-78.
-90.
-104.
-29.3333
-111.6667
0.3333
-67.6667
-144.3333
-199.6667
-97.6667
-75.
3.
-155.3333
-53.
145.6667
-62.
-186.3333
-73.6667
10.6667
-44.6667
-14.6667
-180.6667
-19.6667
38.6667
39.3333
-96.6667
-58.3333
-83.
-148.6667
-13.6667
-32.
-23.
-23.3333
-74.6667
-43.6667
-164.6667
-76.6667
-181.
-26.3333
-25.6667
-30.
-46.
9.6667
-69.6667
-81.6667
-166.6667
-73.
-106.3333
89.3333
-9.3333
-11.6667
25.3333
75.
-34.3333
39.3333
-22.6667
-110.
-111.
-36.3333
-22.6667
-50.3333
-69.
-87.
-17.6667
-8.
-86.6667
-59.3333
-131.6667
-25.3333
16.3333
-113.
-190.
-95.6667
-14.3333
-36.6667
-14.6667
-123.
-18.
-31.3333
-45.3333
-134.3333
-15.3333
14.6667
-45.3333
-144.3333
-35.6667
-140.6667
-36.3333
33.3333
-173.3333
-46.6667
36.6667
-68.
73.6667
-117.
-48.3333
-52.6667
-101.6667
17.3333
-9.
-37.3333
-39.6667
-58.
-43.6667
-75.3333
-114.
-98.3333
-164.3333
-159.3333
-21.3333
-97.3333
-95.6667
-58.6667
-140.
-91.6667
-153.6667
-5.6667
-44.6667
-80.6667
-59.3333
-77.
-114.3333
-114.6667
-45.6667
-86.3333
-64.3333
-47.
-23.6667
-28.6667
-25.
-52.3333
-26.
23.3333
-114.
-58.
-96.6667
-169.
-49.6667
-37.3333
-55.
-27.3333
-149.3333
-81.
50.3333
36.
6.
-64.
-43.
99.3333
-100.
-60.6667
-102.
-127.
-133.3333
-207.
-3.6667
27.
-25.3333
-20.
-9.
-75.
42.6667
-46.6667
8.3333
41.6667
65.
-92.6667
-40.
-78.6667
-133.3333
-105.
17.6667
-93.
-36.6667
-110.3333
-78.
-38.3333
-71.6667
22.3333
-67.
-93.6667
-58.6667
-122.6667
-72.3333
-26.3333
-37.3333
-100.3333
50.
-69.3333
43.3333
35.
-74.3333
-196.6667
-5.
-69.6667
-1.6667
-110.
-26.
-116.3333
-14.3333
-122.6667
23.6667
38.3333
103.6667
-21.6667
19.3333
-40.3333
68.6667
-52.6667
-63.
-41.6667
-205.6667
9.
-92.3333
-113.6667
-15.3333
-54.6667
-30.
-61.
40.
-122.3333
-18.
-141.
12.6667
-99.6667
67.6667
-147.6667
-85.
-13.3333
-66.6667
-50.3333
-98.6667
1.6667
-33.6667
-126.
-15.6667
-54.3333
-68.3333
-150.6667
-75.
-10.
-40.3333
56.6667
-17.3333
-118.3333
-70.3333
-51.
-77.
-83.3333
-161.
-126.6667
36.
-91.3333
-0.6667
-75.3333
-151.3333
8.6667
73.
-133.
53.
8.
-97.6667
-76.6667
15.3333
-3.6667
32.6667
-72.
-110.
-40.3333
-78.6667
-22.3333
-44.
37.6667
-108.6667
3.3333
-60.3333
137.3333
-44.
-22.6667
-78.6667
-60.3333
-106.3333
-45.3333
-18.3333
-112.3333
-109.6667
-1.6667
0.6667
-68.6667
-22.6667
-6.
-48.3333
-88.3333
61.6667
25.
-88.6667
-64.
5.6667
-34.
5.3333
8.6667
-118.
-118.3333
-43.3333
-94.6667
-126.6667
-145.
-52.6667
-159.3333
-99.6667
-95.6667
-87.6667
-125.
-9.
-130.3333
-187.3333
-71.
63.3333
-45.
80.
-24.
-70.
-199.6667
-123.
-30.6667
-45.6667
12.6667
12.3333
46.6667
-185.6667
4.6667
-107.6667
-79.
12.6667
-25.6667
-14.3333
-147.3333
-31.6667
-34.3333
-136.
-149.
44.
-24.3333
-104.6667
-93.
-116.
91.6667
-89.
-96.6667
-205.3333
-6.6667
-67.6667
-54.3333
-113.6667
3.6667
-17.
-66.6667
-78.3333
-58.3333
-40.
-91.6667
107.
-41.3333
-6.
-23.
39.
-56.
20.6667
-41.
1.6667
-75.6667
-24.
-69.
-89.3333
-79.
-33.6667
-86.3333
-83.3333
-48.3333
-65.6667
30.6667
-29.6667
-65.3333
-31.3333
-16.
-155.6667
-64.6667
-40.6667
-168.
10.
48.
-74.6667
-62.3333
-48.6667
69.6667
-168.
-43.6667
-107.6667
-72.
-103.3333
-125.6667
-94.6667
-122.
-23.6667
-120.3333
37.6667
-45.3333
-111.3333
-76.6667
-43.6667
42.3333
-93.
-108.
-121.3333
-150.3333
33.3333
-106.6667
-63.3333
-40.6667
-155.
-63.3333
-121.
-5.3333
-107.6667
-113.3333
-52.6667
-10.3333
-64.6667
-58.3333
-20.3333
-114.3333
-77.
14.3333
-96.6667
-62.
15.
15.3333
-85.6667
19.
-80.6667
-134.
-18.6667
25.6667
-7.3333
-108.3333
-9.
-94.
-38.3333
2.
-41.3333
-183.3333
-136.3333
-144.
-72.6667
-106.6667
-75.
-187.6667
26.
21.3333
-49.3333
-117.3333
15.6667
37.
-112.3333
25.6667
-121.
-10.6667
-18.
-119.6667
-72.6667
-115.
-113.6667
16.
-83.6667
-44.3333
9.6667
94.3333
-80.3333
-42.3333
-110.6667
-105.3333
-8.3333
-65.3333
-61.6667
-90.6667
-34.6667
-100.6667
-153.6667
-40.6667
-58.6667
-108.
-105.3333
-78.6667
-133.6667
-78.3333
-160.6667
-176.
-87.6667
-149.3333
5.3333
-25.6667
-56.3333
-23.3333
-44.6667
-33.3333
-93.
-202.
-66.6667
-117.6667
-93.3333
-71.6667
-5.3333
-43.3333
-148.3333
-69.6667
4.3333
-22.3333
-165.
-32.3333
-166.6667
-74.3333
-106.6667
-57.3333
-52.3333
-92.6667
-20.3333
-49.6667
-33.6667
-33.3333
-58.
-140.3333
-125.3333
-127.3333
-72.6667
-68.3333
-35.6667
-136.
-45.6667
-26.3333
-46.3333
-103.3333
-123.3333
-4.6667
-46.
-2.3333
-47.6667
-18.3333
-104.3333
-58.6667
-162.
-186.
-53.6667
-79.3333
-78.6667
-234.6667
-118.3333
-78.6667
-103.6667
43.
-6.6667
-110.6667
-76.
-95.6667
-80.3333
-89.
-2.3333
-40.3333
-10.
-55.
-40.3333
-120.6667
-171.6667
-204.3333
-143.6667
-235.
-93.
-140.3333
-31.3333
-102.3333
-53.
-206.6667
-69.6667
-102.
-136.
-121.6667
-20.3333
-143.6667
-77.
-0.3333
-57.3333
-111.6667
20.3333
-122.
-143.6667
9.
-50.6667
-81.3333
-109.3333
35.3333
-31.
-139.6667
-45.3333
-0.6667
-125.
-56.3333
-89.3333
-179.6667
-109.3333
-75.6667
-13.6667
-97.6667
25.6667
-36.
-32.
49.
-129.6667
-53.6667
-35.3333
-125.3333
-111.
-145.
-142.
-95.6667
-40.6667
-95.
-81.3333
-15.6667
-172.
17.
4.
24.3333
-158.
-177.
-49.3333
73.3333
40.6667
-41.
-38.6667
-106.
-21.6667
-103.
-131.3333
-11.6667
-55.
-172.
-104.6667
-104.6667
-3.3333
-51.6667
-163.
-115.3333
-64.3333
-9.6667
-28.6667
-118.3333
-23.3333
-129.
-79.3333
-62.
-145.3333
-117.
-82.6667
-112.
-27.6667
-115.3333
-116.3333
-166.6667
-98.
-87.3333
-0.3333
-9.
-30.3333
-67.
-73.
-110.
5.
-58.6667
-60.
-53.6667
-59.3333
-77.
-172.6667
-161.6667
-104.3333
-112.
-42.3333
-79.
-71.6667
-104.3333
-88.6667
-169.
-138.
-23.
-64.
-182.6667
-38.6667
-89.6667
-97.
-113.3333
-33.
-112.6667
-187.
-186.6667
-147.6667
-97.6667
-93.6667
-57.
-182.3333
-108.6667
-149.6667
-40.3333
-102.6667
-104.
-14.3333
-82.
-28.3333
-6.6667
-139.
-43.
-148.3333
-60.3333
-136.
7.3333
-59.
-178.3333
-2.3333
-157.6667
-77.6667
50.
-178.6667
45.
-156.
52.
-38.3333
-92.
-132.
-31.
-95.
-82.
-95.6667
-90.
-66.
-65.6667
72.6667
-65.3333
-18.3333
-93.6667
61.6667
-2.
-142.
-53.6667
-46.3333
-99.
-34.
-44.
13.3333
-161.3333
19.3333
-119.6667
-120.3333
-73.3333
-79.6667
11.6667
-32.6667
-12.3333
-123.6667
-16.3333
61.3333
-156.3333
-89.
-127.
39.3333
-100.3333
-110.
-132.
-16.
-85.
-60.3333
-98.3333
-76.6667
-136.
-131.6667
-122.6667
-42.3333
-98.
-104.6667
-67.6667
-140.
-81.
-135.
-3.3333
-13.6667
-65.
83.
-121.3333
-148.6667
-166.
5.3333
12.
-164.3333
-63.
2.3333
-106.
-135.6667
-139.6667
-10.3333
-78.3333
-144.6667
29.
-54.3333
-133.
-94.6667
-28.
2.6667
10.
-73.6667
-29.
-73.
-47.6667
-5.6667
-60.6667
-89.
-24.6667
-46.6667
-7.3333
-88.
55.3333
-73.3333
-49.6667
-86.3333
-78.
-131.
-100.6667
-19.
-135.3333
-55.6667
-65.3333
36.6667
-82.3333
-94.
-188.3333
-14.3333
39.6667
-124.6667
-96.3333
-67.6667
-80.
-74.
-145.3333
-16.3333
-162.
-183.3333
-131.3333
-86.
-75.3333
-12.
-175.
21.
-1.3333
-94.6667
4.3333
-105.3333
-139.
56.3333
-95.3333
-152.
-111.3333
-81.3333
-146.
-144.
-114.6667
-182.6667
-61.
-95.6667
-75.6667
53.
-52.6667
-139.
-84.3333
-85.3333
-90.6667
36.
-66.3333
-96.3333
21.3333
-140.3333
6.3333
-70.6667
-24.3333
159.
58.6667
-131.6667
-177.3333
-62.6667
-54.
-73.
-94.6667
-46.
-99.6667
51.3333
-12.
-102.6667
-54.
-147.6667
-39.3333
-61.
-1.
-57.3333
-56.
-82.6667
-173.6667
7.6667
-121.
14.
-116.3333
-52.6667
-91.6667
-162.3333
-22.3333
-71.3333
-135.3333
-21.3333
-87.6667
-79.
-7.
-5.
-83.3333
-54.3333
-61.3333
-78.
-11.6667
-46.6667
-71.
-115.6667
-142.6667
-131.3333
-16.6667
-118.
-118.
-23.3333
-42.
-34.
32.6667
-7.3333
-35.6667
-136.
-124.3333
-12.
-36.3333
-78.6667
-55.3333
-10.
-68.
-14.3333
-28.3333
-106.
-40.3333
-54.6667
1.3333
-43.
-89.6667
6.
-138.3333
-94.
102.6667
-72.
-175.6667
-61.3333
11.6667
-101.
-124.6667
-133.6667
-162.3333
-20.3333
79.6667
-87.6667
-23.6667
-128.3333
-27.6667
-52.3333
-165.
8.
-94.
-32.
-17.6667
-86.6667
59.3333
-129.6667
-86.
-57.6667
-2.
-161.
-76.6667
-118.6667
-102.6667
-29.
-52.6667
-159.6667
131.3333
-61.3333
-77.
-4.3333
49.
-103.
-63.
-153.
-17.6667
-218.3333
-79.6667
-44.
-146.6667
-53.3333
-153.3333
-77.3333
-90.3333
-36.
-108.3333
-194.6667
-6.6667
10.3333
-64.6667
-101.6667
-44.
-62.
-74.3333
-40.6667
2.
-20.3333
-30.6667
-28.6667
-49.3333
-45.3333
-102.6667
14.3333
12.6667
-93.6667
53.6667
-27.
104.6667
-6.
-10.3333
-18.3333
-41.
21.6667
-45.3333
-53.
16.6667
-29.3333
-16.
32.6667
-108.
-138.3333
-17.3333
17.6667
-95.
-52.6667
1.6667
-18.3333
-8.3333
-141.
-56.6667
-50.
-39.
-63.3333
-63.6667
-58.3333
-52.6667
-55.
-9.6667
13.
19.3333
-0.3333
-159.6667
-140.6667
-5.6667
-66.
-37.6667
-80.3333
-4.3333
79.
-137.
-36.6667
-36.3333
20.6667
-27.6667
-58.3333
43.3333
127.3333
-22.
-12.6667
-1.3333
-105.3333
-23.3333
28.6667
43.3333
-10.6667
0.3333
35.
40.6667
-25.3333
-96.
-10.
46.3333
-28.
14.
-15.3333
-83.
-87.6667
69.3333
9.
-149.3333
-38.
-117.6667
-44.
-66.
-124.6667
-89.
63.
-17.
-154.6667
8.6667
-37.
-3.3333
-105.6667
-58.3333
-136.
4.
51.6667
-63.6667
-176.
-131.6667
-50.
12.
-23.
53.3333
-30.
-50.
-62.3333
-19.6667
22.6667
-30.6667
7.
-90.
-60.3333
64.
8.6667
-150.6667
-77.6667
5.3333
24.3333
-165.
20.
-81.
13.6667
-74.6667
-112.3333
54.
17.
-51.6667
76.
-156.6667
-6.
-159.6667
-24.3333
-10.6667
-29.3333
-72.6667
-48.3333
13.3333
-42.6667
-74.3333
-58.3333
18.
9.
-37.6667
-37.
19.
-105.
-19.3333
49.3333
38.6667
40.3333
23.6667
-23.
-89.
-37.
10.3333
-7.3333
-25.6667
-78.6667
9.
-134.6667
-64.6667
-32.
-28.
-78.6667
-40.3333
97.3333
-102.3333
-53.3333
30.3333
7.6667
-39.6667
-56.6667
-45.3333
4.3333
-93.
-75.3333
-46.
19.6667
-89.3333
-126.6667
-97.
-47.3333
66.
-112.
-115.
-53.
-54.
-4.
16.
-14.3333
12.6667
-42.
39.3333
-7.3333
46.3333
32.6667
52.6667
-30.3333
-52.3333
-81.
31.6667
67.3333
-163.6667
10.
-77.6667
-60.
-76.3333
-79.
-5.3333
9.6667
94.
-48.
-53.3333
-37.3333
-31.
-119.6667
-67.
-26.3333
-25.6667
-113.6667
-78.3333
-111.6667
-79.
2.6667
-105.
-75.
30.3333
-45.3333
-118.3333
-64.6667
-66.6667
96.
-33.6667
-62.3333
-138.3333
53.6667
14.6667
-43.3333
-123.3333
-4.6667
-109.
7.
-122.3333
-44.
-39.6667
101.
76.6667
-66.3333
8.6667
-53.
-37.3333
-78.6667
-47.3333
-65.6667
2.
-58.
-17.
-85.6667
-54.
39.
-50.3333
-29.6667
-108.6667
55.
